<?xml version="1.0"?>
<opencv_storage>
<input>http://192.168.0.151/axis-cgi/mjpg/video.cgi?.mjpg</input>
<calibration_Time>Thursday_May_30_2013_14:46:36</calibration_Time>
<nrOfFrames>12</nrOfFrames>
<image_Width>480</image_Width>
<image_Height>360</image_Height>
<board_Width>9</board_Width>
<board_Height>6</board_Height>
<square_Size>25.</square_Size>
<flagValue>0</flagValue>
<Camera_Matrix type_id="opencv-matrix">
  <rows>3</rows>
  <cols>3</cols>
  <dt>d</dt>
  <data>
    4.4055910375512764e+02 0. 2.5301969381663710e+02 0.
    4.4702619786933769e+02 1.6762382674386723e+02 0. 0. 1.</data></Camera_Matrix>
<Distortion_Coefficients type_id="opencv-matrix">
  <rows>5</rows>
  <cols>1</cols>
  <dt>d</dt>
  <data>
    -3.3716315083413623e-01 1.9530958327152118e-01
    3.0937696355177991e-04 2.0667861363021976e-05
    -7.8615008535309283e-02</data></Distortion_Coefficients>
<Avg_Reprojection_Error>3.8126765898597670e-01</Avg_Reprojection_Error>
<Per_View_Reprojection_Errors type_id="opencv-matrix">
  <rows>12</rows>
  <cols>1</cols>
  <dt>f</dt>
  <data>
    2.79753983e-01 4.16492254e-01 3.18482310e-01 2.22287774e-01
    3.34322989e-01 4.41527545e-01 3.44587624e-01 3.86895448e-01
    3.43915939e-01 3.72351944e-01 4.18840319e-01 5.78196228e-01</data></Per_View_Reprojection_Errors>
<!-- a set of 6-tuples (rotation vector + translation vector) for each view -->
<Extrinsic_Parameters type_id="opencv-matrix">
  <rows>12</rows>
  <cols>6</cols>
  <dt>d</dt>
  <data>
    -1.5139297817701380e-01 8.2652900307210939e-03
    -1.2991630750438751e-01 -9.8895983227566589e+01
    -4.0765209157245920e+01 3.0967291810491832e+02
    -1.5043656782536771e-01 -4.7952931534242066e-01
    -7.8102850911864835e-02 -1.3806376784054132e+02
    -6.2517531450565158e+01 3.0694209765504024e+02
    -1.9839073057716280e-01 -4.7862038662884682e-01
    -7.8845602206201126e-02 -1.9261924170483559e+02
    -5.7862002148613769e+01 3.2123565205977798e+02
    -2.0068628638460312e-01 -2.4632184184444411e-01
    -9.9119169828389433e-02 -1.9722892695049796e+02
    1.8932452980401187e+01 3.1891583354406833e+02
    -1.0513612738564384e-02 3.0279306194433447e-01
    -1.0247976288923935e-01 -4.4476388593488998e+01
    1.8956061636085774e+01 3.4629594640399955e+02 5.8441392620548073e-02
    3.9758993261260889e-01 3.6128188940382062e-02
    -6.8589634365057066e+01 -9.7047851920417870e+01
    3.2784131935949318e+02 4.0143464200587392e-01 2.2198407543202575e-01
    -1.7737463875861223e-01 -9.9031329135169244e+01
    -1.0611784087247376e+02 4.7308124209386153e+02
    -4.2151412145135292e-01 9.8847525897534025e-02
    1.5980673790110184e-01 -1.1740866557390287e+02
    -5.7291068918482124e-01 4.9076089130728673e+02
    -2.4094413115536276e-01 -5.4240452468466716e-01
    -6.7659242818258414e-02 -1.8705868872667307e+02
    -6.3193189999605693e+01 4.1542021849605459e+02
    -3.2597466849110170e-02 6.7993493680686201e-01
    -7.4810934828939815e-02 1.5051514677637707e+01
    -6.1218201604656379e+01 5.7870327714970608e+02
    5.6897421111742286e-01 2.3301693897005432e-01
    -8.1978798096096395e-01 -8.3593893643734148e+01
    1.3358262946085405e+01 6.4763838820419130e+02 5.4752514567439936e-01
    -2.3627251968729673e-01 6.1703554540442995e-01
    -7.1423985554723401e+01 -7.3966669545420302e+01
    5.7102363365322185e+02</data></Extrinsic_Parameters>
<Image_points type_id="opencv-matrix">
  <rows>12</rows>
  <cols>54</cols>
  <dt>"2f"</dt>
  <data>
    1.17531250e+02 1.10520935e+02 1.50135162e+02 1.05512527e+02
    1.83821304e+02 1.00576767e+02 2.18293503e+02 9.56380615e+01
    2.53155380e+02 9.10396881e+01 2.87754333e+02 8.65996323e+01
    3.22118835e+02 8.25939865e+01 3.55531616e+02 7.87301788e+01
    3.87867889e+02 7.54094162e+01 1.19650719e+02 1.44344528e+02
    1.52832703e+02 1.39444717e+02 1.87282379e+02 1.34675461e+02
    2.22370865e+02 1.29817780e+02 2.57744568e+02 1.25202026e+02
    2.93199219e+02 1.20650116e+02 3.27927521e+02 1.16407890e+02
    3.61754852e+02 1.12333595e+02 3.94605682e+02 1.08447411e+02
    1.22388832e+02 1.79163284e+02 1.55925613e+02 1.74834976e+02
    1.91233017e+02 1.70291092e+02 2.26635254e+02 1.65606812e+02
    2.62728943e+02 1.60844681e+02 2.98504974e+02 1.56228806e+02
    3.33741943e+02 1.51533234e+02 3.68030518e+02 1.47045944e+02
    4.01156677e+02 1.42559814e+02 1.25372581e+02 2.14925262e+02
    1.59673233e+02 2.10780869e+02 1.95144424e+02 2.06511383e+02
    2.31319305e+02 2.01952637e+02 2.67744965e+02 1.97178299e+02
    3.03737640e+02 1.92461975e+02 3.39397247e+02 1.87493225e+02
    3.73905853e+02 1.82476532e+02 4.07287384e+02 1.77562927e+02
    1.29426193e+02 2.51085281e+02 1.63703293e+02 2.47443039e+02
    1.99512909e+02 2.43398010e+02 2.35755096e+02 2.39145126e+02
    2.72717651e+02 2.34333694e+02 3.09038269e+02 2.29235092e+02
    3.44853943e+02 2.23919754e+02 3.79465424e+02 2.18611038e+02
    4.12912445e+02 2.12958328e+02 1.33500580e+02 2.87208557e+02
    1.68343658e+02 2.84013306e+02 2.04103516e+02 2.80283020e+02
    2.40670822e+02 2.75911896e+02 2.77513580e+02 2.71000153e+02
    3.14095551e+02 2.65846832e+02 3.49782654e+02 2.60482452e+02
    3.84600769e+02 2.54554871e+02 4.18140961e+02 2.48479156e+02
    6.93924332e+01 8.23777542e+01 1.01249001e+02 8.27804108e+01
    1.32707718e+02 8.34754257e+01 1.63038620e+02 8.43153992e+01
    1.92402817e+02 8.52509232e+01 2.20388962e+02 8.64142532e+01
    2.47020523e+02 8.76635666e+01 2.72341614e+02 8.87844925e+01
    2.96190796e+02 8.99369659e+01 6.93995667e+01 1.14892509e+02
    1.01848633e+02 1.14749580e+02 1.33864685e+02 1.14717613e+02
    1.64645187e+02 1.14836807e+02 1.94394684e+02 1.14984604e+02
    2.22791641e+02 1.15408043e+02 2.49645981e+02 1.15766602e+02
    2.75294250e+02 1.16158615e+02 2.99279510e+02 1.16600380e+02
    7.02814331e+01 1.48922928e+02 1.03239876e+02 1.48052078e+02
    1.35634201e+02 1.47312515e+02 1.66684280e+02 1.46727386e+02
    1.96933075e+02 1.46047073e+02 2.25571136e+02 1.45429062e+02
    2.52809830e+02 1.44910950e+02 2.78446075e+02 1.44347565e+02
    3.02528625e+02 1.43803360e+02 7.18368225e+01 1.83743484e+02
    1.05379646e+02 1.82185669e+02 1.38044205e+02 1.80544739e+02
    1.69566406e+02 1.78877335e+02 1.99977127e+02 1.77421112e+02
    2.28737320e+02 1.75871109e+02 2.55956558e+02 1.74386749e+02
    2.81745209e+02 1.72888306e+02 3.05975983e+02 1.71458923e+02
    7.45846405e+01 2.19316666e+02 1.08269653e+02 2.16838608e+02
    1.41234375e+02 2.14444687e+02 1.72849533e+02 2.11988541e+02
    2.03351700e+02 2.09411575e+02 2.32180832e+02 2.06933563e+02
    2.59537292e+02 2.04443527e+02 2.85349915e+02 2.02005325e+02
    3.09498962e+02 1.99581512e+02 7.80571823e+01 2.55144577e+02
    1.11649391e+02 2.51857941e+02 1.44721558e+02 2.48612183e+02
    1.76602219e+02 2.45221313e+02 2.07200867e+02 2.41554840e+02
    2.36056351e+02 2.38112930e+02 2.63284698e+02 2.34583755e+02
    2.88948151e+02 2.31223587e+02 3.13183624e+02 2.27692810e+02
    1.76784039e+01 9.51456146e+01 4.65681076e+01 9.52593384e+01
    7.58408051e+01 9.55836182e+01 1.04420731e+02 9.60243912e+01
    1.32677628e+02 9.64946136e+01 1.60097153e+02 9.70453186e+01
    1.86788391e+02 9.78106918e+01 2.12486343e+02 9.85318146e+01
    2.37132187e+02 9.92651215e+01 1.64827633e+01 1.24870720e+02
    4.61805305e+01 1.24522026e+02 7.57079468e+01 1.24545067e+02
    1.05085800e+02 1.24398438e+02 1.33767242e+02 1.24517311e+02
    1.61817886e+02 1.24509483e+02 1.88713150e+02 1.24669128e+02
    2.14712097e+02 1.24707573e+02 2.39665482e+02 1.24909538e+02
    1.63062305e+01 1.55973190e+02 4.64280510e+01 1.55283646e+02
    7.66275558e+01 1.54784088e+02 1.06233459e+02 1.54209686e+02
    1.35519379e+02 1.53577316e+02 1.63761459e+02 1.53013870e+02
    1.91248306e+02 1.52441849e+02 2.17450607e+02 1.51936462e+02
    2.42768814e+02 1.51372177e+02 1.67560253e+01 1.87674866e+02
    4.73970413e+01 1.86717789e+02 7.78623581e+01 1.85709671e+02
    1.08174484e+02 1.84479279e+02 1.37652710e+02 1.83277527e+02
    1.66397675e+02 1.82022903e+02 1.93974762e+02 1.80719589e+02
    2.20544907e+02 1.79523407e+02 2.45791626e+02 1.78247375e+02
    1.81977539e+01 2.20392166e+02 4.90940323e+01 2.18973434e+02
    7.99161072e+01 2.17337082e+02 1.10498772e+02 2.15588959e+02
    1.40458878e+02 2.13534424e+02 1.69311417e+02 2.11746628e+02
    1.97190979e+02 2.09747375e+02 2.23730270e+02 2.07648788e+02
    2.49332916e+02 2.05455856e+02 2.05033436e+01 2.53491684e+02
    5.17138634e+01 2.51603271e+02 8.28273697e+01 2.49538910e+02
    1.13649170e+02 2.47030945e+02 1.43567108e+02 2.44396881e+02
    1.72693619e+02 2.41649384e+02 2.00628860e+02 2.39086761e+02
    2.27490982e+02 2.36076691e+02 2.53105286e+02 2.33360657e+02
    9.49478817e+00 1.90952744e+02 3.76113052e+01 1.88888611e+02
    6.72326355e+01 1.86900818e+02 9.69920273e+01 1.84768524e+02
    1.27540680e+02 1.82448868e+02 1.57994156e+02 1.80172516e+02
    1.88594345e+02 1.77703506e+02 2.18539963e+02 1.75339447e+02
    2.48167297e+02 1.72741486e+02 1.03681946e+01 2.22209595e+02
    3.92422600e+01 2.20362045e+02 6.87395401e+01 2.18366501e+02
    9.93010330e+01 2.16080048e+02 1.29885284e+02 2.13653015e+02
    1.60770905e+02 2.11291763e+02 1.91499344e+02 2.08495270e+02
    2.21836823e+02 2.05668320e+02 2.51564148e+02 2.02760620e+02
    1.23268633e+01 2.54021210e+02 4.12763939e+01 2.52441940e+02
    7.13411102e+01 2.50363220e+02 1.01706299e+02 2.48104797e+02
    1.32829361e+02 2.45477493e+02 1.63926285e+02 2.42723526e+02
    1.94821808e+02 2.39874161e+02 2.25378723e+02 2.36633972e+02
    2.55354248e+02 2.33320251e+02 1.51378098e+01 2.85687164e+02
    4.41958694e+01 2.84292664e+02 7.43600464e+01 2.82297791e+02
    1.05173294e+02 2.79947083e+02 1.36161087e+02 2.77395874e+02
    1.67465988e+02 2.74322784e+02 1.98432999e+02 2.70978882e+02
    2.29137466e+02 2.67460907e+02 2.59070923e+02 2.63641418e+02
    1.84513531e+01 3.17489014e+02 4.77501411e+01 3.16217133e+02
    7.80765991e+01 3.14212494e+02 1.08713799e+02 3.11890991e+02
    1.40113251e+02 3.08928070e+02 1.71279526e+02 3.05786835e+02
    2.02386185e+02 3.02328247e+02 2.32772873e+02 2.98412689e+02
    2.62958893e+02 2.94044464e+02 2.25347462e+01 3.48777191e+02
    5.18811913e+01 3.47518860e+02 8.24040604e+01 3.45658997e+02
    1.13183449e+02 3.43227783e+02 1.44390457e+02 3.40203888e+02
    1.75511887e+02 3.36905548e+02 2.06470932e+02 3.33113831e+02
    2.37041916e+02 3.28621704e+02 2.66864410e+02 3.23858429e+02
    1.96485489e+02 1.92220612e+02 2.25740356e+02 1.89524857e+02
    2.57086578e+02 1.86646072e+02 2.89105927e+02 1.83196106e+02
    3.22424530e+02 1.79725662e+02 3.56486053e+02 1.76276474e+02
    3.90961578e+02 1.72610657e+02 4.25625458e+02 1.69138123e+02
    4.59639709e+02 1.65419708e+02 1.99619537e+02 2.24024277e+02
    2.29460480e+02 2.21788513e+02 2.60417389e+02 2.19557785e+02
    2.92592682e+02 2.17238983e+02 3.25783051e+02 2.14429413e+02
    3.59942474e+02 2.11317596e+02 3.94290039e+02 2.08284744e+02
    4.28689575e+02 2.04836761e+02 4.62700897e+02 2.01336685e+02
    2.03647400e+02 2.55389282e+02 2.33008331e+02 2.54299667e+02
    2.63765991e+02 2.52502502e+02 2.95769165e+02 2.50659882e+02
    3.29320831e+02 2.48551819e+02 3.62609100e+02 2.46113663e+02
    3.96978363e+02 2.43318283e+02 4.31126892e+02 2.40261047e+02
    4.64910400e+02 2.36739639e+02 2.07005966e+02 2.85895325e+02
    2.36256256e+02 2.85434387e+02 2.66765747e+02 2.84517822e+02
    2.98793091e+02 2.83336884e+02 3.31630829e+02 2.81668335e+02
    3.65148712e+02 2.79703125e+02 3.99038879e+02 2.77432983e+02
    4.32623962e+02 2.74687286e+02 4.66215546e+02 2.71601074e+02
    2.10424805e+02 3.15834045e+02 2.39259964e+02 3.15955139e+02
    2.69987579e+02 3.15580078e+02 3.01242035e+02 3.15208160e+02
    3.34059570e+02 3.14049011e+02 3.67000732e+02 3.12307617e+02
    4.00320953e+02 3.10536621e+02 4.33574188e+02 3.07821625e+02
    4.66541626e+02 3.04893219e+02 2.13535889e+02 3.44483612e+02
    2.42408203e+02 3.45263702e+02 2.72477081e+02 3.45526398e+02
    3.03608154e+02 3.45396790e+02 3.35569305e+02 3.44819214e+02
    3.68058441e+02 3.43463318e+02 4.01143524e+02 3.41928040e+02
    4.33774261e+02 3.39836304e+02 4.66339172e+02 3.37137665e+02
    1.64024094e+02 4.11649780e+01 1.91737656e+02 3.81247139e+01
    2.21607040e+02 3.52125816e+01 2.53542526e+02 3.23808632e+01
    2.87421875e+02 2.98051834e+01 3.23005280e+02 2.78835812e+01
    3.60116333e+02 2.64279919e+01 3.98295319e+02 2.54339237e+01
    4.37104095e+02 2.52999077e+01 1.63029068e+02 7.30293274e+01
    1.90911377e+02 7.09805756e+01 2.20991959e+02 6.88956757e+01
    2.53249954e+02 6.75286789e+01 2.87358032e+02 6.59187241e+01
    3.23337524e+02 6.51269913e+01 3.60855133e+02 6.44408035e+01
    3.99233887e+02 6.42999039e+01 4.38319214e+02 6.48710403e+01
    1.62191422e+02 1.05564056e+02 1.89930725e+02 1.04788605e+02
    2.20217773e+02 1.04036079e+02 2.52487305e+02 1.03667221e+02
    2.87055145e+02 1.03290581e+02 3.23026764e+02 1.03256920e+02
    3.60591797e+02 1.03804504e+02 3.99266113e+02 1.04569122e+02
    4.38584473e+02 1.05747253e+02 1.61272202e+02 1.38432022e+02
    1.89231979e+02 1.38701996e+02 2.19403122e+02 1.39287628e+02
    2.51772827e+02 1.40013809e+02 2.86099823e+02 1.40735779e+02
    3.22139404e+02 1.42022720e+02 3.59680664e+02 1.43281326e+02
    3.98376556e+02 1.44968063e+02 4.37558563e+02 1.46672531e+02
    1.60493576e+02 1.71339600e+02 1.88365051e+02 1.72774200e+02
    2.18557281e+02 1.74627808e+02 2.50730408e+02 1.76367737e+02
    2.84936737e+02 1.78434814e+02 3.20694580e+02 1.80721298e+02
    3.58142395e+02 1.83150070e+02 3.96443237e+02 1.85426865e+02
    4.35574432e+02 1.87707626e+02 1.59744034e+02 2.03660767e+02
    1.87543259e+02 2.06449463e+02 2.17511459e+02 2.09490341e+02
    2.49472305e+02 2.12370239e+02 2.83359467e+02 2.15525726e+02
    3.18754974e+02 2.18780014e+02 3.55726868e+02 2.21994141e+02
    3.93714844e+02 2.25267502e+02 4.32516907e+02 2.28245529e+02
    1.63327774e+02 7.07099762e+01 1.83685883e+02 6.60391541e+01
    2.05351288e+02 6.11674042e+01 2.27326569e+02 5.63817062e+01
    2.50018143e+02 5.18596344e+01 2.73256927e+02 4.73114853e+01
    2.97046173e+02 4.32462044e+01 3.21018158e+02 3.94139442e+01
    3.45517517e+02 3.55397568e+01 1.69264679e+02 9.21644211e+01
    1.89576294e+02 8.77035294e+01 2.10793686e+02 8.33885269e+01
    2.32714600e+02 7.90526047e+01 2.55190918e+02 7.46340408e+01
    2.78345001e+02 7.05863876e+01 3.01685974e+02 6.67348251e+01
    3.25564270e+02 6.32078705e+01 3.49537964e+02 5.96175995e+01
    1.75150574e+02 1.13427971e+02 1.95279785e+02 1.09348091e+02
    2.16532013e+02 1.05297325e+02 2.38049438e+02 1.01419876e+02
    2.60429199e+02 9.73406982e+01 2.83160278e+02 9.36123352e+01
    3.06328796e+02 9.00899506e+01 3.29689880e+02 8.66248245e+01
    3.53421997e+02 8.34255753e+01 1.80717346e+02 1.33979980e+02
    2.01013901e+02 1.30451920e+02 2.21624054e+02 1.26700813e+02
    2.43381271e+02 1.23140984e+02 2.65159027e+02 1.19480965e+02
    2.87625671e+02 1.16142632e+02 3.10459961e+02 1.12741745e+02
    3.33610962e+02 1.09681259e+02 3.56776459e+02 1.06681381e+02
    1.86458405e+02 1.54534500e+02 2.06366379e+02 1.51186584e+02
    2.27075378e+02 1.47561325e+02 2.48258911e+02 1.44478912e+02
    2.69986816e+02 1.41300812e+02 2.92012482e+02 1.38104782e+02
    3.14490692e+02 1.35107239e+02 3.37217651e+02 1.31998459e+02
    3.60111938e+02 1.29325775e+02 1.91766235e+02 1.74404114e+02
    2.11601685e+02 1.71388794e+02 2.31982468e+02 1.68409088e+02
    2.53072174e+02 1.65414780e+02 2.74243042e+02 1.62364716e+02
    2.96117401e+02 1.59544662e+02 3.18056366e+02 1.56676727e+02
    3.40489075e+02 1.54027283e+02 3.62892090e+02 1.51406281e+02
    1.49850571e+02 1.66594406e+02 1.70457382e+02 1.69813568e+02
    1.91579956e+02 1.73338257e+02 2.13391190e+02 1.76451187e+02
    2.35554596e+02 1.79690613e+02 2.58059448e+02 1.82689957e+02
    2.80760468e+02 1.85917282e+02 3.03682007e+02 1.88692902e+02
    3.26736450e+02 1.91771347e+02 1.44182144e+02 1.86975998e+02
    1.65010208e+02 1.90724976e+02 1.86460815e+02 1.94453568e+02
    2.08586090e+02 1.98086227e+02 2.31246017e+02 2.01425323e+02
    2.54081985e+02 2.04888336e+02 2.77330658e+02 2.08159897e+02
    3.00624390e+02 2.11364716e+02 3.24072998e+02 2.14249100e+02
    1.38186798e+02 2.08625366e+02 1.59287903e+02 2.12533127e+02
    1.81248764e+02 2.16476807e+02 2.03681061e+02 2.20280914e+02
    2.26630829e+02 2.23989441e+02 2.49764313e+02 2.27707642e+02
    2.73538177e+02 2.31322952e+02 2.97332581e+02 2.34423920e+02
    3.21329865e+02 2.37630478e+02 1.32096741e+02 2.30276733e+02
    1.53593323e+02 2.34625687e+02 1.75749832e+02 2.38822006e+02
    1.98683517e+02 2.43084259e+02 2.21935837e+02 2.47138809e+02
    2.45706131e+02 2.50967392e+02 2.69590454e+02 2.54651108e+02
    2.93849945e+02 2.58246765e+02 3.18253754e+02 2.61259827e+02
    1.26062012e+02 2.52594482e+02 1.47786621e+02 2.57182739e+02
    1.70406845e+02 2.61992462e+02 1.93417618e+02 2.66491119e+02
    2.17144852e+02 2.70764160e+02 2.41289291e+02 2.74747162e+02
    2.65550812e+02 2.78910797e+02 2.90113892e+02 2.82420135e+02
    3.14745850e+02 2.85947266e+02 1.20030609e+02 2.75276001e+02
    1.41943726e+02 2.80434296e+02 1.64730896e+02 2.85397552e+02
    1.88154526e+02 2.90143433e+02 2.12221405e+02 2.94688171e+02
    2.36461121e+02 2.99270660e+02 2.61288544e+02 3.03332458e+02
    2.86204468e+02 3.07265442e+02 3.11332733e+02 3.10624207e+02
    6.84551163e+01 1.03501869e+02 9.17159576e+01 1.04615616e+02
    1.14857391e+02 1.06047218e+02 1.37440262e+02 1.07472481e+02
    1.59420471e+02 1.08576393e+02 1.80557175e+02 1.09931473e+02
    2.01249985e+02 1.10954483e+02 2.20933594e+02 1.12232147e+02
    2.40021378e+02 1.13276344e+02 6.79076385e+01 1.27404610e+02
    9.22181854e+01 1.28350693e+02 1.15525230e+02 1.29258011e+02
    1.38398575e+02 1.30104660e+02 1.60554413e+02 1.30871826e+02
    1.82299393e+02 1.31674515e+02 2.02858719e+02 1.32494293e+02
    2.23002045e+02 1.32878128e+02 2.42190811e+02 1.33609726e+02
    6.83273773e+01 1.52065125e+02 9.26032639e+01 1.52601791e+02
    1.16482994e+02 1.52937836e+02 1.39646790e+02 1.53439240e+02
    1.62413040e+02 1.53837814e+02 1.84121902e+02 1.54083893e+02
    2.05258957e+02 1.54359528e+02 2.25314529e+02 1.54506058e+02
    2.44568558e+02 1.54534088e+02 6.90050583e+01 1.77379028e+02
    9.36484528e+01 1.77467422e+02 1.17797699e+02 1.77537933e+02
    1.41386520e+02 1.77256012e+02 1.64301483e+02 1.77130096e+02
    1.86305573e+02 1.76973099e+02 2.07441422e+02 1.76589920e+02
    2.27830078e+02 1.76177658e+02 2.47337692e+02 1.75873550e+02
    7.02549667e+01 2.03491669e+02 9.51594925e+01 2.03069794e+02
    1.19603821e+02 2.02427460e+02 1.43447174e+02 2.01910126e+02
    1.66539536e+02 2.00880661e+02 1.88634598e+02 2.00316437e+02
    2.10072464e+02 1.99346130e+02 2.30491653e+02 1.98498169e+02
    2.50195465e+02 1.97241257e+02 7.17906952e+01 2.30196716e+02
    9.71788177e+01 2.29166260e+02 1.21853233e+02 2.28006805e+02
    1.45954239e+02 2.26628815e+02 1.69291367e+02 2.25189148e+02
    1.91493942e+02 2.23766922e+02 2.13099045e+02 2.22415405e+02
    2.33550232e+02 2.20678970e+02 2.53344666e+02 2.19351379e+02
    2.64135742e+02 1.20930496e+02 2.79421234e+02 1.18032295e+02
    2.95892456e+02 1.14878807e+02 3.12820496e+02 1.12129768e+02
    3.30642700e+02 1.08732399e+02 3.49271393e+02 1.05496994e+02
    3.68362640e+02 1.02066948e+02 3.88287445e+02 9.85911331e+01
    4.09012878e+02 9.48394165e+01 2.65480103e+02 1.39582123e+02
    2.81133850e+02 1.37366623e+02 2.97420227e+02 1.35020813e+02
    3.14766724e+02 1.32334747e+02 3.32648224e+02 1.29637909e+02
    3.51354553e+02 1.26939705e+02 3.70617462e+02 1.24149063e+02
    3.90943024e+02 1.21324341e+02 4.11724091e+02 1.18268730e+02
    2.66692078e+02 1.58897598e+02 2.82478577e+02 1.57005005e+02
    2.99153625e+02 1.55172501e+02 3.16337769e+02 1.53141342e+02
    3.34467987e+02 1.50932571e+02 3.53278076e+02 1.48758499e+02
    3.72842407e+02 1.46651825e+02 3.93132477e+02 1.44394257e+02
    4.14286591e+02 1.41737289e+02 2.67721741e+02 1.77999161e+02
    2.83728424e+02 1.76706528e+02 3.00393677e+02 1.75398636e+02
    3.17735565e+02 1.73892670e+02 3.36102539e+02 1.72339935e+02
    3.54776703e+02 1.70660187e+02 3.74560974e+02 1.69099899e+02
    3.94979553e+02 1.67306854e+02 4.16130493e+02 1.65392410e+02
    2.68689819e+02 1.97413849e+02 2.84687042e+02 1.96664658e+02
    3.01424164e+02 1.95716492e+02 3.18676056e+02 1.94803192e+02
    3.37211731e+02 1.93835007e+02 3.56173981e+02 1.92847992e+02
    3.75966919e+02 1.91661057e+02 3.96346405e+02 1.90568924e+02
    4.17551270e+02 1.89404160e+02 2.69356384e+02 2.16806854e+02
    2.85333099e+02 2.16495239e+02 3.02192383e+02 2.16029907e+02
    3.19625977e+02 2.15797058e+02 3.38023285e+02 2.15463913e+02
    3.56958618e+02 2.14990234e+02 3.76698151e+02 2.14445618e+02
    3.97237915e+02 2.13903870e+02 4.18513824e+02 2.13146744e+02
    1.96212936e+02 1.77518860e+02 2.06707718e+02 1.66486252e+02
    2.17593964e+02 1.54779984e+02 2.28897186e+02 1.43247864e+02
    2.40806412e+02 1.31287186e+02 2.52736313e+02 1.19419266e+02
    2.65336487e+02 1.06896431e+02 2.78163269e+02 9.45658493e+01
    2.91431213e+02 8.17257919e+01 2.09456985e+02 1.86306488e+02
    2.19820618e+02 1.75549973e+02 2.31212418e+02 1.64565155e+02
    2.42441666e+02 1.53046555e+02 2.54128128e+02 1.41571930e+02
    2.66360321e+02 1.29657928e+02 2.78672089e+02 1.17816917e+02
    2.91531067e+02 1.05550102e+02 3.04697754e+02 9.34513931e+01
    2.22548233e+02 1.95235260e+02 2.33248001e+02 1.84906708e+02
    2.44317703e+02 1.73766830e+02 2.55753479e+02 1.62930008e+02
    2.67394043e+02 1.51443787e+02 2.79518372e+02 1.40173813e+02
    2.91954163e+02 1.28530334e+02 3.04624542e+02 1.16715294e+02
    3.17659698e+02 1.04659737e+02 2.35082443e+02 2.03707016e+02
    2.45685211e+02 1.93757935e+02 2.57090973e+02 1.83272873e+02
    2.68526917e+02 1.72628052e+02 2.80233704e+02 1.61518143e+02
    2.92133057e+02 1.50264664e+02 3.04497162e+02 1.39070618e+02
    3.17178772e+02 1.27477684e+02 3.30152313e+02 1.16048996e+02
    2.47471390e+02 2.12341843e+02 2.57934631e+02 2.02333008e+02
    2.69252411e+02 1.92340363e+02 2.80541077e+02 1.81540115e+02
    2.92363922e+02 1.71213638e+02 3.04332306e+02 1.60351471e+02
    3.16628937e+02 1.49258041e+02 3.29133606e+02 1.38199402e+02
    3.41995331e+02 1.26780777e+02 2.58900696e+02 2.18688644e+02
    2.69815430e+02 2.10382935e+02 2.81167908e+02 2.01046677e+02
    2.92055756e+02 1.90732071e+02 3.04057404e+02 1.80302979e+02
    3.15789032e+02 1.69850754e+02 3.28273956e+02 1.59418823e+02
    3.40733185e+02 1.48531570e+02 3.53590271e+02 1.37549164e+02
    1.98458832e+02 1.10848274e+02 2.13994934e+02 1.20472595e+02
    2.29471405e+02 1.29886047e+02 2.44416077e+02 1.39259598e+02
    2.58925293e+02 1.48565384e+02 2.73213745e+02 1.57556763e+02
    2.86765686e+02 1.66910721e+02 2.99984375e+02 1.75624786e+02
    3.12976990e+02 1.84461990e+02 1.88009552e+02 1.24601364e+02
    2.03509766e+02 1.33715073e+02 2.18746109e+02 1.42987076e+02
    2.33572906e+02 1.51973480e+02 2.48136917e+02 1.60858307e+02
    2.62047943e+02 1.69644470e+02 2.75715973e+02 1.78382507e+02
    2.88709473e+02 1.86840210e+02 3.01221527e+02 1.94862488e+02
    1.78156097e+02 1.38200043e+02 1.93412796e+02 1.46986984e+02
    2.08471313e+02 1.55728699e+02 2.23087311e+02 1.64458923e+02
    2.37517441e+02 1.72995834e+02 2.51274612e+02 1.81535843e+02
    2.64951477e+02 1.89654099e+02 2.78249786e+02 1.97836075e+02
    2.90645905e+02 2.06144699e+02 1.68538544e+02 1.51360687e+02
    1.83723907e+02 1.59769943e+02 1.98516998e+02 1.68231918e+02
    2.13119629e+02 1.76499130e+02 2.27366364e+02 1.84715317e+02
    2.41313721e+02 1.92682571e+02 2.54799438e+02 2.00844070e+02
    2.67605225e+02 2.08521011e+02 2.79568542e+02 2.15972382e+02
    1.59485214e+02 1.64238800e+02 1.74400253e+02 1.72252228e+02
    1.89181015e+02 1.80450165e+02 2.03437607e+02 1.88364120e+02
    2.17717667e+02 1.96333344e+02 2.31105362e+02 2.04099930e+02
    2.43878281e+02 2.12891724e+02 2.57653992e+02 2.19223618e+02
    2.70720154e+02 2.28196640e+02 1.51005997e+02 1.76466812e+02
    1.65635910e+02 1.84256622e+02 1.80251465e+02 1.91930832e+02
    1.94529114e+02 1.99601044e+02 2.08618912e+02 2.07318558e+02
    2.21821533e+02 2.14724411e+02 2.35573029e+02 2.22233292e+02
    2.47469543e+02 2.30045563e+02 2.59998779e+02 2.35589462e+02</data></Image_points>
</opencv_storage>
